XOR.txt
input: 2;
output: 1;
layers: 2;
learnig_rate: 0.300000;
momentum: 0.900000;
layer0: 3; SIGMOID
layer1: 1; SIGMOID
trained: 1;
<bias0 1 3 1.945491990974568 -5.823927203002429 2.863294009054772>
<weights0 2 3 -4.472047470674560 4.790251114918730 -4.678812440743245 -5.780542744036132 2.920414542524587 5.312694456182168>
<bias1 1 1 6.501113469751148>
<weights1 3 1 -7.690087398374451 -7.520422436257745 -3.140310119086045>
